{
    "KRT": [
        {
            "cameraId": "400940",
            "projectionModel": "Pinhole",
            "distortionModel": "RadialAndTangential",
            "K": [
                [
                    10355.088822966874,
                    0.0,
                    0.0
                ],
                [
                    0.0,
                    10348.63046928018,
                    0.0
                ],
                [
                    1413.0678767818574,
                    1783.6004577007388,
                    1.0
                ]
            ],
            "distortion": [
                -0.07339013471001112,
                0.0438590024313828,
                -0.0033712694471925327,
                0.002999176425272759
            ],
            "T": [
                [
                    0.5037485117233746,
                    0.7170982473738078,
                    -0.481671610695397,
                    0.0
                ],
                [
                    0.18226948789800734,
                    0.4568011355630681,
                    0.8706954440731212,
                    0.0
                ],
                [
                    0.8444023156753439,
                    -0.526405571932616,
                    0.09940776187206057,
                    0.0
                ],
                [
                    -854.7404175868919,
                    576.3864655587835,
                    988.4146443065116,
                    1.0
                ]
            ]
        },
        {
            "cameraId": "400943",
            "projectionModel": "Pinhole",
            "distortionModel": "RadialAndTangential",
            "K": [
                [
                    10213.305472941032,
                    0.0,
                    0.0
                ],
                [
                    0.0,
                    10205.886727441497,
                    0.0
                ],
                [
                    1727.171351582271,
                    1740.97898860449,
                    1.0
                ]
            ],
            "distortion": [
                -0.07059919395887244,
                0.02419737524728338,
                -0.0058859638120952055,
                0.004524557889026255
            ],
            "T": [
                [
                    0.7262928442624002,
                    -0.39575531583239953,
                    0.5620288554546203,
                    0.0
                ],
                [
                    -0.19588724744550923,
                    0.6645660316499032,
                    0.7210965093975436,
                    0.0
                ],
                [
                    -0.6588830629644798,
                    -0.6338215202779861,
                    0.4051461338468476,
                    0.0
                ],
                [
                    624.4528913369171,
                    615.3635897997735,
                    744.5603881540043,
                    1.0
                ]
            ]
        },
        {
            "cameraId": "400944",
            "projectionModel": "Pinhole",
            "distortionModel": "RadialAndTangential",
            "K": [
                [
                    10086.654196703144,
                    0.0,
                    0.0
                ],
                [
                    0.0,
                    10085.175992469593,
                    0.0
                ],
                [
                    1406.9448276640828,
                    1711.2837035359264,
                    1.0
                ]
            ],
            "distortion": [
                -0.08623779020042167,
                0.1502410520993716,
                -0.00591317300095567,
                0.003882980827142031
            ],
            "T": [
                [
                    0.9917123609598961,
                    -0.06191561490388002,
                    -0.11257464079633153,
                    0.0
                ],
                [
                    0.036349291942485984,
                    0.9756324395576519,
                    -0.2163794626531471,
                    0.0
                ],
                [
                    0.12322873891519204,
                    0.21049417928735983,
                    0.9697973388247219,
                    0.0
                ],
                [
                    -135.17415805258366,
                    -179.50185684710436,
                    73.17456885412219,
                    1.0
                ]
            ]
        },
        {
            "cameraId": "400948",
            "projectionModel": "Pinhole",
            "distortionModel": "RadialAndTangential",
            "K": [
                [
                    10162.51721152338,
                    0.0,
                    0.0
                ],
                [
                    0.0,
                    10154.866522643293,
                    0.0
                ],
                [
                    1694.7846552026913,
                    1691.7762998458127,
                    1.0
                ]
            ],
            "distortion": [
                -0.0798920719223362,
                0.09219005492511545,
                -0.006441288065309106,
                0.004155727842631265
            ],
            "T": [
                [
                    0.2730271194526904,
                    -0.31058056607681506,
                    0.9104921218872635,
                    0.0
                ],
                [
                    -0.2300955825472272,
                    0.8978970491193845,
                    0.37528244306782305,
                    0.0
                ],
                [
                    -0.9340836230957155,
                    -0.3119624996022869,
                    0.17368702860684404,
                    0.0
                ],
                [
                    911.4990592361851,
                    328.3406881926423,
                    978.1073145997179,
                    1.0
                ]
            ]
        },
        {
            "cameraId": "400951",
            "projectionModel": "Pinhole",
            "distortionModel": "RadialAndTangential",
            "K": [
                [
                    10182.626876793762,
                    0.0,
                    0.0
                ],
                [
                    0.0,
                    10177.729831627548,
                    0.0
                ],
                [
                    1806.0424646751626,
                    1742.0894374329039,
                    1.0
                ]
            ],
            "distortion": [
                -0.07994509700307392,
                0.11529677800039158,
                -0.005506669765584291,
                0.0056694904621489555
            ],
            "T": [
                [
                    0.8938345178739109,
                    -0.12515638822466102,
                    0.43057604803759264,
                    0.0
                ],
                [
                    -0.14637371044949327,
                    0.8262103564531302,
                    0.5440139555000768,
                    0.0
                ],
                [
                    -0.42383321194352064,
                    -0.549283465413032,
                    0.7201757306918147,
                    0.0
                ],
                [
                    413.28543211767186,
                    580.6406646095371,
                    374.80625893152046,
                    1.0
                ]
            ]
        },
        {
            "cameraId": "400953",
            "projectionModel": "Pinhole",
            "distortionModel": "RadialAndTangential",
            "K": [
                [
                    10047.843481427091,
                    0.0,
                    0.0
                ],
                [
                    0.0,
                    10044.968658191425,
                    0.0
                ],
                [
                    1708.0912233148572,
                    1696.7064333976853,
                    1.0
                ]
            ],
            "distortion": [
                -0.0823572875322319,
                0.07189024839268084,
                -0.007183126967247136,
                0.004852478886531864
            ],
            "T": [
                [
                    0.6205786400260666,
                    0.1151192838529593,
                    0.7756479240148713,
                    0.0
                ],
                [
                    -0.17063845944613978,
                    0.9852858722698803,
                    -0.009709071182628495,
                    0.0
                ],
                [
                    -0.7653526427087358,
                    -0.12633012463606225,
                    0.631091143899351,
                    0.0
                ],
                [
                    737.2701451621664,
                    143.0277713879848,
                    497.53939696380934,
                    1.0
                ]
            ]
        },
        {
            "cameraId": "400974",
            "projectionModel": "Pinhole",
            "distortionModel": "RadialAndTangential",
            "K": [
                [
                    10122.41467025977,
                    0.0,
                    0.0
                ],
                [
                    0.0,
                    10116.357316015414,
                    0.0
                ],
                [
                    1457.2393599417578,
                    1710.3005474160109,
                    1.0
                ]
            ],
            "distortion": [
                -0.08829369853884325,
                0.21265343441665063,
                -0.006555230208244952,
                0.004476166548434529
            ],
            "T": [
                [
                    0.4310778700905804,
                    0.09996538230277402,
                    -0.8967601642910044,
                    0.0
                ],
                [
                    0.187012386158532,
                    0.9623656997273726,
                    0.19717664012640207,
                    0.0
                ],
                [
                    0.8827220612069582,
                    -0.2527037441932841,
                    0.39615979140901514,
                    0.0
                ],
                [
                    -899.1628482004173,
                    277.2609365118279,
                    674.5674774670067,
                    1.0
                ]
            ]
        },
        {
            "cameraId": "400977",
            "projectionModel": "Pinhole",
            "distortionModel": "RadialAndTangential",
            "K": [
                [
                    10121.315382681081,
                    0.0,
                    0.0
                ],
                [
                    0.0,
                    10114.657410797276,
                    0.0
                ],
                [
                    1717.5913423634186,
                    1745.5191342910039,
                    1.0
                ]
            ],
            "distortion": [
                -0.07899292461375058,
                0.05533709491741529,
                -0.0061325006801976716,
                0.004892221131764506
            ],
            "T": [
                [
                    0.5890966424200015,
                    -0.06901970120893082,
                    0.8051095743651984,
                    0.0
                ],
                [
                    -0.18221112584743587,
                    0.9593388068072367,
                    0.21556474519521315,
                    0.0
                ],
                [
                    -0.7872510727251445,
                    -0.2736883895942559,
                    0.5525671125704208,
                    0.0
                ],
                [
                    775.4281425297881,
                    306.42450954890757,
                    573.1336835914053,
                    1.0
                ]
            ]
        },
        {
            "cameraId": "400979",
            "projectionModel": "Pinhole",
            "distortionModel": "RadialAndTangential",
            "K": [
                [
                    10084.58987461812,
                    0.0,
                    0.0
                ],
                [
                    0.0,
                    10081.413526821247,
                    0.0
                ],
                [
                    1399.526949247995,
                    1672.2793453731583,
                    1.0
                ]
            ],
            "distortion": [
                -0.08661141522789406,
                0.15747666593495477,
                -0.006877606727939405,
                0.004258559407861341
            ],
            "T": [
                [
                    0.5773537709732519,
                    -0.11377249195725771,
                    -0.8085285667289694,
                    0.0
                ],
                [
                    0.17772233794485265,
                    0.9840127969591139,
                    -0.011557941690338205,
                    0.0
                ],
                [
                    0.7969174321963233,
                    -0.13702056595466755,
                    0.5883434122747371,
                    0.0
                ],
                [
                    -828.3841577478743,
                    154.61424956208543,
                    473.31397120751865,
                    1.0
                ]
            ]
        },
        {
            "cameraId": "400981",
            "projectionModel": "Pinhole",
            "distortionModel": "RadialAndTangential",
            "K": [
                [
                    10051.762986542619,
                    0.0,
                    0.0
                ],
                [
                    0.0,
                    10048.2982599289,
                    0.0
                ],
                [
                    1411.5770169255525,
                    1712.4093361639032,
                    1.0
                ]
            ],
            "distortion": [
                -0.08864800860432363,
                0.1664939755992132,
                -0.006517145617941288,
                0.004584610834920348
            ],
            "T": [
                [
                    0.7197964566040533,
                    -0.09276033787731028,
                    -0.6879597232230508,
                    0.0
                ],
                [
                    0.1485611239291205,
                    0.9886555408015031,
                    0.02213174415639113,
                    0.0
                ],
                [
                    0.6781022441469766,
                    -0.11813442072222086,
                    0.7254113351219842,
                    0.0
                ],
                [
                    -699.5392604822791,
                    138.07136765042029,
                    335.90068567345804,
                    1.0
                ]
            ]
        },
        {
            "cameraId": "400983",
            "projectionModel": "Pinhole",
            "distortionModel": "RadialAndTangential",
            "K": [
                [
                    10107.304140307664,
                    0.0,
                    0.0
                ],
                [
                    0.0,
                    10103.060810910183,
                    0.0
                ],
                [
                    1489.205350912153,
                    1722.0932020129978,
                    1.0
                ]
            ],
            "distortion": [
                -0.08965225366551655,
                0.19018584787272805,
                -0.006479768009112446,
                0.004977924399208718
            ],
            "T": [
                [
                    0.22158405785126822,
                    -0.13116263033024742,
                    -0.9662799127121586,
                    0.0
                ],
                [
                    0.21728661184855494,
                    0.9726406928431368,
                    -0.0821986066609293,
                    0.0
                ],
                [
                    0.9506245492398886,
                    -0.1917457875168933,
                    0.24402155509705525,
                    0.0
                ],
                [
                    -991.1326912508207,
                    226.41894493749356,
                    795.0638526325099,
                    1.0
                ]
            ]
        },
        {
            "cameraId": "400984",
            "projectionModel": "Pinhole",
            "distortionModel": "RadialAndTangential",
            "K": [
                [
                    10124.772418715049,
                    0.0,
                    0.0
                ],
                [
                    0.0,
                    10117.97011797744,
                    0.0
                ],
                [
                    1370.5324170194708,
                    1683.4732853392513,
                    1.0
                ]
            ],
            "distortion": [
                -0.08810146121966089,
                0.17661358398458485,
                -0.005853680029698993,
                0.0041956289931838935
            ],
            "T": [
                [
                    -0.12068857768012808,
                    0.11489171840908077,
                    -0.9860193508540066,
                    0.0
                ],
                [
                    0.2299287292406614,
                    0.9695038185654103,
                    0.08482408417933246,
                    0.0
                ],
                [
                    0.9656951106261865,
                    -0.21647687827594048,
                    -0.14342494373218817,
                    0.0
                ],
                [
                    -1018.896461801335,
                    259.13493291570904,
                    1195.8726980643437,
                    1.0
                ]
            ]
        },
        {
            "cameraId": "400985",
            "projectionModel": "Pinhole",
            "distortionModel": "RadialAndTangential",
            "K": [
                [
                    10053.293325451901,
                    0.0,
                    0.0
                ],
                [
                    0.0,
                    10053.830230243977,
                    0.0
                ],
                [
                    1372.8960345902378,
                    1771.6332194401357,
                    1.0
                ]
            ],
            "distortion": [
                -0.09847051805013347,
                0.19868021112976483,
                -0.005632403215882802,
                0.005157167732583507
            ],
            "T": [
                [
                    0.3980059604312842,
                    -0.6106264847524611,
                    -0.6846360723625534,
                    0.0
                ],
                [
                    0.206755510372303,
                    0.7867984730603261,
                    -0.5815499305482099,
                    0.0
                ],
                [
                    0.8937804061355673,
                    0.08990805808597829,
                    0.43940087243808335,
                    0.0
                ],
                [
                    -920.7982103898304,
                    -46.2732473181138,
                    612.4541998697445,
                    1.0
                ]
            ]
        },
        {
            "cameraId": "401031",
            "projectionModel": "Pinhole",
            "distortionModel": "RadialAndTangential",
            "K": [
                [
                    10151.576140589561,
                    0.0,
                    0.0
                ],
                [
                    0.0,
                    10145.902397047097,
                    0.0
                ],
                [
                    1650.0113010244759,
                    1703.5854552245296,
                    1.0
                ]
            ],
            "distortion": [
                -0.07967784998782074,
                0.04136483857172411,
                -0.00542193919503543,
                0.0038473803681901763
            ],
            "T": [
                [
                    0.98426676882894,
                    -0.019659706946516038,
                    0.17559163904302225,
                    0.0
                ],
                [
                    -0.043669120881180766,
                    0.9358922840420155,
                    0.3495692214026917,
                    0.0
                ],
                [
                    -0.17120728857295395,
                    -0.35173730054317015,
                    0.9203091522668352,
                    0.0
                ],
                [
                    172.85310552190936,
                    371.97504030804606,
                    101.87139620232765,
                    1.0
                ]
            ]
        },
        {
            "cameraId": "401036",
            "projectionModel": "Pinhole",
            "distortionModel": "RadialAndTangential",
            "K": [
                [
                    10136.543249568573,
                    0.0,
                    0.0
                ],
                [
                    0.0,
                    10129.390026301713,
                    0.0
                ],
                [
                    1728.0560909855017,
                    1724.135735329219,
                    1.0
                ]
            ],
            "distortion": [
                -0.08250222802540468,
                0.09893809667857927,
                -0.006456601503418677,
                0.0047402602742803324
            ],
            "T": [
                [
                    0.14617076489771885,
                    -0.06216025508148473,
                    0.9873045174501234,
                    0.0
                ],
                [
                    -0.23856266676026192,
                    0.9663544928239204,
                    0.09616053362609779,
                    0.0
                ],
                [
                    -0.9600635195222493,
                    -0.24958985734045447,
                    0.12642365915968246,
                    0.0
                ],
                [
                    935.2380448713278,
                    286.9903597897477,
                    995.3129665230425,
                    1.0
                ]
            ]
        },
        {
            "cameraId": "401037",
            "projectionModel": "Pinhole",
            "distortionModel": "RadialAndTangential",
            "K": [
                [
                    10031.857435038848,
                    0.0,
                    0.0
                ],
                [
                    0.0,
                    10029.38760614455,
                    0.0
                ],
                [
                    1774.8912045725858,
                    1600.7589710612976,
                    1.0
                ]
            ],
            "distortion": [
                -0.08309550134612444,
                0.13181007432670738,
                -0.007072389907819637,
                0.0052040699763985345
            ],
            "T": [
                [
                    0.22952271101694177,
                    0.3933875061919083,
                    0.8902615318542889,
                    0.0
                ],
                [
                    -0.2054036929418923,
                    0.9136575100634267,
                    -0.35076955003325505,
                    0.0
                ],
                [
                    -0.9513824930348816,
                    -0.10235342826115149,
                    0.2905083951797659,
                    0.0
                ],
                [
                    925.9339888111951,
                    145.14721973835427,
                    875.5861409712305,
                    1.0
                ]
            ]
        },
        {
            "cameraId": "401038",
            "projectionModel": "Pinhole",
            "distortionModel": "RadialAndTangential",
            "K": [
                [
                    10165.210981375703,
                    0.0,
                    0.0
                ],
                [
                    0.0,
                    10156.853953769602,
                    0.0
                ],
                [
                    1291.7659642433755,
                    1818.1528839069938,
                    1.0
                ]
            ],
            "distortion": [
                -0.08589395574478283,
                0.1313926207229515,
                -0.004922742931765935,
                0.0037350783494042618
            ],
            "T": [
                [
                    -0.30267593569273643,
                    0.32653733556586945,
                    -0.8954108813466976,
                    0.0
                ],
                [
                    0.19311452373090748,
                    0.9410029579052085,
                    0.2778852531852549,
                    0.0
                ],
                [
                    0.9333241980559123,
                    -0.08880766687167968,
                    -0.347878052811754,
                    0.0
                ],
                [
                    -983.4159324185831,
                    124.01845338908706,
                    1340.0427462906587,
                    1.0
                ]
            ]
        },
        {
            "cameraId": "401040",
            "projectionModel": "Pinhole",
            "distortionModel": "RadialAndTangential",
            "K": [
                [
                    10178.439132227784,
                    0.0,
                    0.0
                ],
                [
                    0.0,
                    10168.54128363422,
                    0.0
                ],
                [
                    1773.0500243388537,
                    1740.486746144488,
                    1.0
                ]
            ],
            "distortion": [
                -0.08600119151446738,
                0.1645741174469383,
                -0.005051443566187572,
                0.004255286283154092
            ],
            "T": [
                [
                    -0.6413626103735133,
                    -0.2659977935188031,
                    0.7196521214156193,
                    0.0
                ],
                [
                    -0.1803347769886752,
                    0.9639638758875102,
                    0.19558377793767465,
                    0.0
                ],
                [
                    -0.7457435016299625,
                    -0.004338182460092127,
                    -0.6662190405186761,
                    0.0
                ],
                [
                    698.1066426074531,
                    13.560793957702915,
                    1818.6600730734726,
                    1.0
                ]
            ]
        },
        {
            "cameraId": "401042",
            "projectionModel": "Pinhole",
            "distortionModel": "RadialAndTangential",
            "K": [
                [
                    10052.933207976012,
                    0.0,
                    0.0
                ],
                [
                    0.0,
                    10049.564579127418,
                    0.0
                ],
                [
                    1694.5127629107058,
                    1767.3716148805288,
                    1.0
                ]
            ],
            "distortion": [
                -0.0806378701287447,
                0.0709271288258294,
                -0.005958992178673811,
                0.004482222636280767
            ],
            "T": [
                [
                    0.5816410866627328,
                    0.34329199428737706,
                    0.7374579669133632,
                    0.0
                ],
                [
                    -0.17810382849854373,
                    0.9383328682364337,
                    -0.296328288661999,
                    0.0
                ],
                [
                    -0.7937081784761681,
                    0.04101262056225072,
                    0.6069145676078802,
                    0.0
                ],
                [
                    774.9374231528083,
                    -12.410443998984507,
                    465.9103374256588,
                    1.0
                ]
            ]
        },
        {
            "cameraId": "401043",
            "projectionModel": "Pinhole",
            "distortionModel": "RadialAndTangential",
            "K": [
                [
                    10084.424939031209,
                    0.0,
                    0.0
                ],
                [
                    0.0,
                    10081.694513638087,
                    0.0
                ],
                [
                    1766.9370410520655,
                    1664.3871547619829,
                    1.0
                ]
            ],
            "distortion": [
                -0.08658069430974996,
                0.14389664797703886,
                -0.007432637400431245,
                0.005219571413740642
            ],
            "T": [
                [
                    0.2852322192142057,
                    0.14921933692875322,
                    0.9467714458139741,
                    0.0
                ],
                [
                    -0.22316551117796563,
                    0.9709967546619738,
                    -0.08580476126994342,
                    0.0
                ],
                [
                    -0.9321157308740246,
                    -0.18681245119760598,
                    0.31026016878536866,
                    0.0
                ],
                [
                    912.6112970318668,
                    210.90170529732882,
                    815.4229800744481,
                    1.0
                ]
            ]
        },
        {
            "cameraId": "401045",
            "projectionModel": "Pinhole",
            "distortionModel": "RadialAndTangential",
            "K": [
                [
                    10161.534662720505,
                    0.0,
                    0.0
                ],
                [
                    0.0,
                    10155.248622972977,
                    0.0
                ],
                [
                    1668.1764575205075,
                    1786.3461223247093,
                    1.0
                ]
            ],
            "distortion": [
                -0.07422489028839462,
                -0.03738460197034105,
                -0.004902945258953878,
                0.003920679443421153
            ],
            "T": [
                [
                    0.9981961062231566,
                    0.01908336898347847,
                    0.056924147329311676,
                    0.0
                ],
                [
                    -0.03786627598857983,
                    0.9358879555229208,
                    0.35025687694873914,
                    0.0
                ],
                [
                    -0.04659054264210143,
                    -0.35178055622130094,
                    0.9349223291808506,
                    0.0
                ],
                [
                    65.42865784135824,
                    377.4625072324322,
                    60.568945517705835,
                    1.0
                ]
            ]
        },
        {
            "cameraId": "401046",
            "projectionModel": "Pinhole",
            "distortionModel": "RadialAndTangential",
            "K": [
                [
                    10119.077163025451,
                    0.0,
                    0.0
                ],
                [
                    0.0,
                    10111.970555946227,
                    0.0
                ],
                [
                    1446.9770603025186,
                    1759.2796287794636,
                    1.0
                ]
            ],
            "distortion": [
                -0.09044492937425247,
                0.20539044381674953,
                -0.005973423641411373,
                0.004337996862957622
            ],
            "T": [
                [
                    0.16250089850038796,
                    0.12442711064639582,
                    -0.9788316260331785,
                    0.0
                ],
                [
                    0.20585573109521688,
                    0.965912504491367,
                    0.1569600319905315,
                    0.0
                ],
                [
                    0.9649957906446124,
                    -0.2270042462232909,
                    0.13134761602242784,
                    0.0
                ],
                [
                    -1009.4057931814746,
                    263.6352976340617,
                    920.1333611891597,
                    1.0
                ]
            ]
        },
        {
            "cameraId": "401067",
            "projectionModel": "Pinhole",
            "distortionModel": "RadialAndTangential",
            "K": [
                [
                    10169.203438405817,
                    0.0,
                    0.0
                ],
                [
                    0.0,
                    10161.150887286232,
                    0.0
                ],
                [
                    1387.8383805740023,
                    1798.2337830674198,
                    1.0
                ]
            ],
            "distortion": [
                -0.09094145042097285,
                0.2689664881241119,
                -0.004852038956824201,
                0.003774250043297616
            ],
            "T": [
                [
                    0.9382171512614573,
                    0.15103981337284525,
                    -0.31134474759522096,
                    0.0
                ],
                [
                    0.06195634846944418,
                    0.8118620987564296,
                    0.5805526190511402,
                    0.0
                ],
                [
                    0.34045555945404765,
                    -0.5639742080796794,
                    0.7523450702023174,
                    0.0
                ],
                [
                    -331.1416958192557,
                    583.593905227116,
                    313.84614286356737,
                    1.0
                ]
            ]
        },
        {
            "cameraId": "401070",
            "projectionModel": "Pinhole",
            "distortionModel": "RadialAndTangential",
            "K": [
                [
                    10137.542901082361,
                    0.0,
                    0.0
                ],
                [
                    0.0,
                    10130.626642819629,
                    0.0
                ],
                [
                    1766.2131376914135,
                    1697.439807086781,
                    1.0
                ]
            ],
            "distortion": [
                -0.07529772385275726,
                -0.008165496528365096,
                -0.005344724709047222,
                0.00459426210665093
            ],
            "T": [
                [
                    0.848058151966494,
                    -0.05205070820052864,
                    0.5273405869634901,
                    0.0
                ],
                [
                    -0.1111293177636283,
                    0.955564078689709,
                    0.2730340020057538,
                    0.0
                ],
                [
                    -0.5181193353046819,
                    -0.29015171082333957,
                    0.8045895469677218,
                    0.0
                ],
                [
                    524.8335327968331,
                    331.5566539872697,
                    264.8255427657522,
                    1.0
                ]
            ]
        },
        {
            "cameraId": "401071",
            "projectionModel": "Pinhole",
            "distortionModel": "RadialAndTangential",
            "K": [
                [
                    10086.634036917643,
                    0.0,
                    0.0
                ],
                [
                    0.0,
                    10087.193958030262,
                    0.0
                ],
                [
                    1371.347503936466,
                    1729.3321840869394,
                    1.0
                ]
            ],
            "distortion": [
                -0.09561871696807084,
                0.2529093536861513,
                -0.006077305416935049,
                0.003958537947873054
            ],
            "T": [
                [
                    0.8136418044945507,
                    -0.41383977519191334,
                    -0.4083180799915159,
                    0.0
                ],
                [
                    0.1551023951369332,
                    0.8314052043222068,
                    -0.5335809528541441,
                    0.0
                ],
                [
                    0.5602947982996433,
                    0.3708126571397696,
                    0.7406535710460767,
                    0.0
                ],
                [
                    -582.2855386501147,
                    -354.5030248823518,
                    313.52428529981216,
                    1.0
                ]
            ]
        },
        {
            "cameraId": "401072",
            "projectionModel": "Pinhole",
            "distortionModel": "RadialAndTangential",
            "K": [
                [
                    10167.259020954218,
                    0.0,
                    0.0
                ],
                [
                    0.0,
                    10160.494185687428,
                    0.0
                ],
                [
                    1726.045654187235,
                    1682.181277215352,
                    1.0
                ]
            ],
            "distortion": [
                -0.07604798947024632,
                0.025124713630567033,
                -0.005628792260396422,
                0.0043171899364407304
            ],
            "T": [
                [
                    0.7570355114945806,
                    -0.2021618348514715,
                    0.6213113767392521,
                    0.0
                ],
                [
                    -0.16822332819860047,
                    0.8585605355911536,
                    0.48432914281015277,
                    0.0
                ],
                [
                    -0.6313462965646702,
                    -0.4711734280017473,
                    0.6159524775168598,
                    0.0
                ],
                [
                    619.279851702305,
                    492.5651884760116,
                    535.9569153040247,
                    1.0
                ]
            ]
        },
        {
            "cameraId": "401076",
            "projectionModel": "Pinhole",
            "distortionModel": "RadialAndTangential",
            "K": [
