400069
7724.681 0.0 797.0469
0.0 7724.834 924.32745
0.0 0.0 1.0
0.0 0.0 0.0 0.0 0.0
0.9705157 0.035186626 0.2384557 -270.26154
-0.1084007 0.9473142 0.30140525 -291.6677
-0.21528703 -0.3183673 0.92319757 121.37361

400002
7687.0146 0.0 823.15106
0.0 7689.5312 1014.9043
0.0 0.0 1.0
0.0 0.0 0.0 0.0 0.0
0.97629625 0.0029071984 0.21641898 -276.7496
0.10491906 0.86821574 -0.48496747 457.45486
-0.18930826 0.4961784 0.84733075 192.55482

400019
7715.213 0.0 778.2595
0.0 7715.2505 928.4946
0.0 0.0 1.0
0.0 0.0 0.0 0.0 0.0
0.94671345 0.015485052 0.32170457 -337.96942
-0.066040255 0.9869537 0.1468371 -114.230446
-0.31523374 -0.16025811 0.935385 104.173195

400023
5069.297 0.0 600.5907
0.0 5068.6997 1016.2735
0.0 0.0 1.0
0.0 0.0 0.0 0.0 0.0
0.9956278 -0.0052650357 -0.0932603 121.17298
0.0041177114 0.9999135 -0.012490546 -0.52072936
0.093318 0.012051917 0.9955634 34.179264

400060
7702.673 0.0 812.3149
0.0 7703.7134 947.626
0.0 0.0 1.0
0.0 0.0 0.0 0.0 0.0
0.8078087 0.046503622 0.58760744 -623.1813
0.13850965 0.9539939 -0.26591474 261.96176
-0.57293993 0.29619753 0.7642034 299.5334

400070
7753.2334 0.0 705.6086
0.0 7756.0596 836.15686
0.0 0.0 1.0
0.0 0.0 0.0 0.0 0.0
-0.9993818 0.008793191 0.034039702 -48.822716
0.025793519 0.8412993 0.5399539 -509.7914
-0.02388966 0.5404981 -0.84100604 2061.5059

400029
7736.1045 0.0 622.39465
0.0 7735.2666 943.4244
0.0 0.0 1.0
0.0 0.0 0.0 0.0 0.0
1.0 0.0 0.0 0.0
0.0 1.0 0.0 0.0
0.0 0.0 1.0 0.0

400048
7717.2456 0.0 618.5467
0.0 7717.927 899.3488
0.0 0.0 1.0
0.0 0.0 0.0 0.0 0.0
0.9994892 0.014108674 0.028675145 -20.131886
-0.0048997356 0.95431656 -0.29875728 309.65524
-0.031580236 0.29846418 0.95389825 46.042873

400042
7715.9414 0.0 839.6226
0.0 7713.926 962.1322
0.0 0.0 1.0
0.0 0.0 0.0 0.0 0.0
0.5408436 0.0580546 0.8391173 -902.01013
-0.05497466 0.997922 -0.03360825 34.090897
-0.8393247 -0.02795338 0.5429113 523.6494

400013
7722.6606 0.0 648.2687
0.0 7723.591 932.23883
0.0 0.0 1.0
0.0 0.0 0.0 0.0 0.0
0.99659884 -0.009473543 -0.081859455 76.69673
-0.0071343393 0.979721 -0.20023958 182.67683
0.082096405 0.20014256 0.9763212 47.42175

400031
7756.744 0.0 649.2115
0.0 7755.6978 1009.9049
0.0 0.0 1.0
0.0 0.0 0.0 0.0 0.0
0.99990654 0.0067517655 -0.011888235 2.1494951
0.0013772332 0.81538135 0.57892257 -588.8864
0.013602194 -0.57888484 0.8152958 235.8772

400004
7693.3706 0.0 582.96564
0.0 7694.702 924.2951
0.0 0.0 1.0
0.0 0.0 0.0 0.0 0.0
0.9117813 -0.011958756 -0.41050193 450.82544
-0.103463784 0.9606446 -0.25779286 285.90527
0.39742935 0.27752277 0.8746605 184.1336

400050
7699.445 0.0 630.28577
0.0 7698.06 1019.88776
0.0 0.0 1.0
0.0 0.0 0.0 0.0 0.0
-0.036122844 -0.0575817 -0.99768704 1042.2162
0.042333025 0.9973543 -0.05909523 46.026825
0.99845034 -0.0443698 -0.033589665 1151.1294

400037
7697.5635 0.0 580.12006
0.0 7698.7607 964.544
0.0 0.0 1.0
0.0 0.0 0.0 0.0 0.0
0.9971613 -0.0030261816 -0.07523382 79.07253
-0.032032937 0.88720787 -0.46025658 480.02475
0.06814086 0.46136 0.8845924 155.51123

400059
7673.167 0.0 645.63403
0.0 7671.5815 1010.9865
0.0 0.0 1.0
0.0 0.0 0.0 0.0 0.0
0.38344875 -0.06625185 -0.9211828 965.3134
-0.10849345 0.9872863 -0.1161672 116.26532
0.9171675 0.14448647 0.37138584 718.95135

400051
7735.7026 0.0 748.77075
0.0 7735.218 943.3619
0.0 0.0 1.0
0.0 0.0 0.0 0.0 0.0
0.8811991 0.02193829 0.47223595 -492.22235
-0.17038473 0.9465254 0.2739684 -264.97586
-0.44097292 -0.32188252 0.83781534 200.63333

400009
5072.5806 0.0 787.7599
0.0 5072.2285 976.5697
0.0 0.0 1.0
0.0 0.0 0.0 0.0 0.0
0.95786446 0.026841216 0.2859636 -342.245
-0.020476323 0.9994721 -0.02522525 1.9711069
-0.2864897 0.018306889 0.9579084 87.07231

400007
7741.437 0.0 524.9024
0.0 7742.2246 897.0405
0.0 0.0 1.0
0.0 0.0 0.0 0.0 0.0
0.9984795 8.35951e-05 -0.05512458 81.45109
-0.039693426 0.6949943 -0.7179188 717.164
0.03825125 0.7190153 0.6939408 374.75552

400053
7694.736 0.0 840.94543
0.0 7694.88 980.1076
0.0 0.0 1.0
0.0 0.0 0.0 0.0 0.0
0.20813718 0.06840672 0.9757046 -1029.0814
0.1099602 0.9895908 -0.09283698 95.697716
-0.971899 0.1266115 0.19844863 891.0712

400055
7762.705 0.0 500.14294
0.0 7754.5605 804.58386
0.0 0.0 1.0
0.0 0.0 0.0 0.0 0.0
-0.9704493 -0.009128707 -0.24113229 281.9279
-0.14023153 0.8345576 0.5327746 -515.12036
0.19637524 0.5508451 -0.81117594 2027.7782

400010
7658.6357 0.0 575.31616
0.0 7658.102 980.147
0.0 0.0 1.0
0.0 0.0 0.0 0.0 0.0
-0.40282598 -0.057339754 -0.91347873 970.90985
-0.10395105 0.9944442 -0.016581666 22.409433
0.9093544 0.08827755 -0.4065485 1548.8676

400030
7732.263 0.0 809.902
0.0 7732.2495 915.3854
0.0 0.0 1.0
0.0 0.0 0.0 0.0 0.0
0.98848546 0.014012006 0.15066585 -164.75679
0.027883036 0.9617854 -0.272381 310.62387
-0.14872482 0.27344567 0.9503201 41.12742

400061
7759.154 0.0 786.0023
0.0 7757.2207 961.9385
0.0 0.0 1.0
0.0 0.0 0.0 0.0 0.0
0.9815297 0.0074779154 0.19116344 -195.06456
-0.12077468 0.79916286 0.5888567 -570.302
-0.1483673 -0.601068 0.78530526 250.95451

400049
7727.447 0.0 625.6892
0.0 7726.9814 974.9563
0.0 0.0 1.0
0.0 0.0 0.0 0.0 0.0
0.9982264 0.012053484 -0.05829851 53.24608
0.0049969405 0.9588672 0.28381115 -311.90762
0.05932144 -0.2835991 0.9571063 81.15918

400017
7727.338 0.0 608.3342
0.0 7727.3267 954.9231
0.0 0.0 1.0
0.0 0.0 0.0 0.0 0.0
0.9296022 -0.01684776 -0.36817923 386.2092
-0.047867656 0.98497486 -0.1659314 176.30032
0.36544284 0.17187408 0.9148283 109.07564

400063
7714.0044 0.0 795.27905
0.0 7714.057 971.75793
0.0 0.0 1.0
0.0 0.0 0.0 0.0 0.0
0.82971615 0.036395755 0.5569977 -584.3573
-0.11492105 0.9876325 0.10665433 -88.49651
-0.54622734 -0.15250358 0.8236373 200.81897

400027
7728.7124 0.0 542.53217
0.0 7727.702 1008.669
0.0 0.0 1.0
0.0 0.0 0.0 0.0 0.0
0.9628067 -0.00760594 -0.27008402 307.7335
0.090397045 0.9510663 0.2954678 -295.2195
0.2546205 -0.30889317 0.9163806 120.914856

400018
7734.624 0.0 660.2456
0.0 7733.216 998.0302
0.0 0.0 1.0
0.0 0.0 0.0 0.0 0.0
0.6705655 -0.03315247 -0.7411092 764.9264
0.02521152 0.9994423 -0.021896914 10.248322
0.7414218 -0.004001174 0.67102736 362.85666

400016
7721.5576 0.0 789.5739
0.0 7721.7993 912.4481
0.0 0.0 1.0
0.0 0.0 0.0 0.0 0.0
0.9648338 0.025369735 0.2616336 -296.94205
0.022339592 0.9838167 -0.17777976 182.69637
-0.26190972 0.17737271 0.94865286 85.425545

400067
7704.5996 0.0 810.8475
0.0 7705.123 949.60077
0.0 0.0 1.0
0.0 0.0 0.0 0.0 0.0
-0.60118854 0.058328588 0.7969756 -845.7058
0.09837981 0.995148 0.0013792616 -5.4100237
-0.79302824 0.07923551 -0.6040099 1760.1481

400008
7836.9355 0.0 757.56665
0.0 7836.717 1000.8581
0.0 0.0 1.0
0.0 0.0 0.0 0.0 0.0
-0.64076585 0.015702553 -0.7675758 777.1958
-0.75723624 0.1518617 0.63524115 -648.9173
0.12654026 0.988277 -0.08541724 1266.8392

400064
7718.218 0.0 588.4426
0.0 7717.744 945.5251
0.0 0.0 1.0
0.0 0.0 0.0 0.0 0.0
0.9912701 -0.007885627 -0.13161069 137.76773
0.025190892 0.9911483 0.13034771 -124.11265
0.12941784 -0.13252518 0.9826943 44.39444

400039
7713.868 0.0 803.3897
0.0 7713.425 944.887
0.0 0.0 1.0
0.0 0.0 0.0 0.0 0.0
0.7006988 0.049731564 0.71172184 -755.60516
0.078939594 0.9860386 -0.14661644 151.19057
-0.7090767 0.158917 0.68699026 372.85193

400026
7708.921 0.0 609.65393
0.0 7707.483 994.6931
0.0 0.0 1.0
0.0 0.0 0.0 0.0 0.0
0.92931193 -0.012262232 -0.36909202 396.6413
0.056874014 0.9922772 0.11023313 -116.484535
0.3648899 -0.1234327 0.9228324 114.111084

400041
7748.593 0.0 700.5245
0.0 7748.9497 957.3428
0.0 0.0 1.0
0.0 0.0 0.0 0.0 0.0
0.95907354 0.03038775 0.2815217 -297.76044
0.17776498 0.7092659 -0.6821594 701.33405
-0.22040303 0.7042858 0.6748363 398.74283

400028
7720.427 0.0 668.2896
0.0 7721.357 997.0605
0.0 0.0 1.0
0.0 0.0 0.0 0.0 0.0
0.836137 -0.031963225 -0.5475886 595.74414
-0.06296983 0.9861073 -0.15371135 168.0003
0.5448942 0.1630053 0.8225081 176.67314

400012
7727.212 0.0 830.3808
0.0 7727.479 937.41406
0.0 0.0 1.0
0.0 0.0 0.0 0.0 0.0
0.83814734 0.046876583 0.54342586 -591.6365
0.051845357 0.98494244 -0.16492552 170.7677
-0.54297435 0.16640598 0.8230966 225.78296

400015
7728.2437 0.0 842.6041
0.0 7728.0522 891.60815
0.0 0.0 1.0
0.0 0.0 0.0 0.0 0.0
0.98357046 0.012945112 0.18005994 -216.49289
-0.015294266 0.999815 0.011664289 2.9974766
-0.17987564 -0.014226534 0.9835865 37.427387

